-2101639714
-2100150133
-2070686540
-2038678150
-2001899212
-1973183731
-1922404640
-1921894276
-1917870730
-1905060376
-1888637155
-1875168418
-1859764859
-1822531725
-1783148125
-1780243200
-1769207145
-1748213545
-1734903995
-1727702346
-1725448442
-1688154981
-1684994790
-1637063699
-1600505062
-1562061239
-1534875517
-1410470492
-1337174695
-1336649629
-1330380582
-1155562502
-1092045991
-1070687757
-1040566490
-1031787300
-1029131412
-1003189597
-999206687
-981191412
-956233196
-955703000
-928854753
-928819597
-867250648
-785051085
-730416180
-679802586
-678512057
-541084604
-381814310
-375284356
-364303820
-300933812
-238734883
-90814033
-29326218
-26735780
27014276
109570504
126408493
166958533
192950127
255596556
268969743
358466758
369210783
520472056
544615769
556717089
607923150
624179599
671249904
695085360
763997679
827169718
922690003
965647751
1060452907
1076413233
1081260032
1110766206
1112710379
1150076859
1245086457
1288796499
1396589898
1487167794
1521233971
1580848823
1593177948
1631287311
1632167316
1684578126
1788313283
1873062469
1938979025
1961167809
2094278491
2135268730
