-364303820
-1921894276
-375284356
-1330380582
27014276
-541084604
-29326218
1580848823
369210783
-867250648
-1973183731
-928819597
-1888637155
544615769
-300933812
-1040566490
-2101639714
-1337174695
109570504
-1859764859
2135268730
-1029131412
1245086457
-1155562502
-1875168418
-1725448442
-2100150133
-381814310
-956233196
-238734883
827169718
-1922404640
2094278491
1110766206
1632167316
192950127
1076413233
-1637063699
1684578126
1788313283
520472056
965647751
1873062469
166958533
126408493
1938979025
-1684994790
-1734903995
-678512057
-1688154981
1521233971
-1783148125
-955703000
624179599
-1917870730
-1905060376
1631287311
763997679
-2070686540
-2038678150
-1336649629
-1003189597
1396589898
358466758
1288796499
-90814033
-1780243200
1112710379
-999206687
1081260032
-2001899212
1060452907
-1562061239
695085360
607923150
-1534875517
268969743
671249904
-981191412
1593177948
-928854753
-785051085
-1410470492
1150076859
1487167794
-1031787300
922690003
-679802586
-1769207145
-1822531725
1961167809
-26735780
-1600505062
-1748213545
-1727702346
556717089
-730416180
-1070687757
-1092045991
255596556
